125
246.5
244
245
245.5
248
245
244.5
243.5
238
238
244.5
229
226.5
227
225
222
223.5
227
223
220.5
223
223.5
228
229.5
229.5
233
233
230.5
230.5
226.5
223.5
229
229
228.5
229
228.5
227
225
221
224
224
229
229
230
230
227
226
229
232
226.5
231
225
226
226.5
227.5
218
214.5
213
212
216.5
214
214.5
216
214.5
217
221.5
222
220
220.5
224.5
223.5
221.5
223
224.5
237.5
241
241
240.5
241
244.5
245.5
246
248
244.5
247
245.5
241.5
247.5
247
245
240.5
243.5
241.5
239
239.5
239.5
241
242
244.5
243.5
245
249.5
259
263.5
256
257
257.5
264
261
264
264.5
260
260.5
255
261
258
254.5
258
260
261.5
263.5
263.5
265
262.5
263